16
dinoSR0001.png 3310.400000 0.000000 316.730000 0.000000 3325.500000 200.550000 0.000000 0.000000 1.000000 -0.14396457836077139000 0.96965263281337499000 0.19760617153779569000 -0.90366580603479685000 -0.04743335255026152200 -0.42560419233334673000 -0.40331536459778505000 -0.23984130575212276000 0.88306936201487163000 -0.010415508744 -0.0294278883669 0.673097816109
dinoSR0002.png 3310.400000 0.000000 316.730000 0.000000 3325.500000 200.550000 0.000000 0.000000 1.000000 -0.23143687262851170000 0.96422332027030622000 0.12926937165558827000 -0.65860811165749811000 -0.05749426020475298400 -0.75028640486482034000 -0.71601208187197274000 -0.25878137856376976000 0.64835049619606955000 -0.0143392676288 -0.0315356332107 0.659314086504
dinoSR0003.png 3310.400000 0.000000 316.730000 0.000000 3325.500000 200.550000 0.000000 0.000000 1.000000 -0.28437648559126744000 0.95818717180552493000 0.03174117685280887500 -0.30447985736374050000 -0.05887271324279850400 -0.95069715013877931000 -0.90907810612855156000 -0.28002026823733883000 0.30848995461910772000 -0.0181396767412 -0.0277593369636 0.645855774902
dinoSR0004.png 3310.400000 0.000000 316.730000 0.000000 3325.500000 200.550000 0.000000 0.000000 1.000000 -0.29401781384102649000 0.95254363718061841000 -0.07882994806514329000 0.10008332165785941000 -0.05134047099598639700 -0.99365293826058598000 -0.95054606727387558000 -0.30004129466721602000 -0.08023903828591291700 -0.021187474226 -0.0187242689354 0.634951273531
dinoSR0005.png 3310.400000 0.000000 316.730000 0.000000 3325.500000 200.550000 0.000000 0.000000 1.000000 -0.25876447372510059000 0.94822715832320814000 -0.18413591973560506000 0.48809489134507961000 -0.03614470332115014800 -0.87204127006075205000 -0.83354981633995029000 -0.31552942785272814000 -0.45347173237683847000 -0.022978013659 -0.00592643278493 0.628406121531
dinoSR0006.png 3310.400000 0.000000 316.730000 0.000000 3325.500000 200.550000 0.000000 0.000000 1.000000 -0.18445361863808038000 0.94595244621195196000 -0.26674045813558944000 0.79530893787266643000 -0.01580148462641393200 -0.60599827900975589000 -0.57746127839962313000 -0.32392018428954944000 -0.74940926036560773000 -0.023214822329 0.00851514014266 0.627304047594
dinoSR0007.png 3310.400000 0.000000 316.730000 0.000000 3325.500000 200.550000 0.000000 0.000000 1.000000 -0.08338944722911310900 0.94609614197942327000 -0.31296611393889306000 0.97085774118013590000 0.00632080735562845670 -0.23957467325849086000 -0.22468292908270854000 -0.32382424357508255000 -0.91905103946950217000 -0.0218586899664 0.0222092512892 0.631827530638
dinoSR0008.png 3310.400000 0.000000 316.730000 0.000000 3325.500000 200.550000 0.000000 0.000000 1.000000 0.02769409788772111600 0.94863445285422510000 -0.31515896329964094000 0.98567438705285304000 0.02655922106302938800 0.16655807969272288000 0.16637311017687328000 -0.31525749132326808000 -0.93430822517618106000 -0.0191341614402 0.032888465352 0.641227584108
dinoSR0009.png 3310.400000 0.000000 316.730000 0.000000 3325.500000 200.550000 0.000000 0.000000 1.000000 0.13040409226215816000 0.95314709192435443000 -0.27295591992471341000 0.83730557380822779000 0.04156273259821786900 0.54515357504151063000 0.53095679761230619000 -0.29963838808815157000 -0.79265457236327796000 -0.0154923570967 0.0387845458454 0.653947771602
dinoSR0010.png 3310.400000 0.000000 316.730000 0.000000 3325.500000 200.550000 0.000000 0.000000 1.000000 0.20773408219460512000 0.95888686815084223000 -0.19334485395770235000 0.55031782360679693000 0.04884709954828619200 0.83352495546947669000 0.80870131461201522000 -0.27955310435503949000 -0.51754472439450017000 -0.0115362774261 0.0389212350981 0.667881917561
dinoSR0011.png 3310.400000 0.000000 316.730000 0.000000 3325.500000 200.550000 0.000000 0.000000 1.000000 0.24687996910258325000 0.96490340431639521000 -0.08950755861736174600 0.17222982161524675000 0.04720619538171529800 0.98392443791612039000 0.95361844651938554000 -0.25832730915868130000 -0.15453065428161436000 -0.00792095980974 0.0332759004593 0.680722842344
dinoSR0012.png 3310.400000 0.000000 316.730000 0.000000 3325.500000 200.550000 0.000000 0.000000 1.000000 0.24136007885803201000 0.97020049801291686000 0.02136285683511320000 -0.23435560427802821000 0.03691171674209103900 0.97144926729660463000 0.94171319159119948000 -0.23947551445521581000 0.23628071251718805000 -0.00524501913431 0.0227832817537 0.690344379027
dinoSR0013.png 3310.400000 0.000000 316.730000 0.000000 3325.500000 200.550000 0.000000 0.000000 1.000000 0.19208838346748064000 0.97390107013119698000 0.12090875365304035000 -0.60211708293559318000 0.01966819746967938400 0.79816506039694313000 0.77495680106296283000 -0.22611915179071745000 0.59017983305303656000 -0.00395153071793 0.00918072010801 0.695153418505
dinoSR0014.png 3310.400000 0.000000 316.730000 0.000000 3325.500000 200.550000 0.000000 0.000000 1.000000 0.10722315794998927000 0.97539238987661836000 0.19264758954063826000 -0.87016165622960684000 -0.00166922681646456020 0.49276375089511210000 0.48096035030627776000 -0.22046973183084473000 0.84856904123286236000 -0.00425466689932 -0.00527950884591 0.694353692934
dinoSR0015.png 3310.400000 0.000000 316.730000 0.000000 3325.500000 200.550000 0.000000 0.000000 1.000000 0.00081616679574048404 0.97442752820786405000 0.22470103004948633000 -0.99410718398935161000 -0.02356756030268754300 0.10581289727836769000 0.10840301080819337000 -0.22346267154279231000 0.96866490777520942000 -0.00610423526503 -0.018203117484 0.68807761848
dinoSR0016.png 3310.400000 0.000000 316.730000 0.000000 3325.500000 200.550000 0.000000 0.000000 1.000000 -0.10951399718548831000 0.97116624441025123000 0.21176174987744156000 -0.95343108813509980000 -0.04240093389221950800 -0.29861718464681830000 -0.28102814225222095000 -0.23460240775428165000 0.93058227149100015000 -0.00919398909617 -0.0274502483048 0.677364371223
